-40.000000 -1490.000000 0.492800
-40.000000 -1430.000000 0.494200
-40.000000 -1370.000000 0.494100
-40.000000 -1310.000000 0.495900
-40.000000 -1250.000000 0.493300
-40.000000 -1190.000000 0.495700
-40.000000 -1130.000000 0.494800
-40.000000 -1070.000000 0.494600
-40.000000 -1010.000000 0.492100
-40.000000 -950.000000 0.491200
-40.000000 -890.000000 0.491900
-40.000000 -830.000000 0.495400
-40.000000 -770.000000 0.493100
-40.000000 -710.000000 0.491600
-40.000000 -650.000000 0.492800
-40.000000 -590.000000 0.490100
-40.000000 -530.000000 0.493200
-40.000000 -470.000000 0.494000
-40.000000 -410.000000 0.494200
-40.000000 -350.000000 0.492500
-40.000000 -290.000000 0.493900
-40.000000 -230.000000 0.493100
-40.000000 -170.000000 0.490500
-40.000000 -110.000000 0.494100
-40.000000 -50.000000 0.494600
-40.000000 10.000000 0.500299
-40.000000 70.000000 0.507900
-40.000000 130.000000 0.516499
-40.000000 190.000000 0.525800
-40.000000 250.000000 0.537499
-40.000000 310.000000 0.548700
-40.000000 370.000000 0.562099
-40.000000 430.000000 0.568200
-40.000000 490.000000 0.577499
-40.000000 550.000000 0.584900
-40.000000 610.000000 0.598799
-40.000000 670.000000 0.605600
-40.000000 730.000000 0.621099
-40.000000 790.000000 0.625500
-40.000000 850.000000 0.640899
-40.000000 910.000000 0.647800
-40.000000 970.000000 0.657299

-38.000000 -1490.000000 0.489400
-38.000000 -1430.000000 0.494100
-38.000000 -1370.000000 0.493300
-38.000000 -1310.000000 0.493900
-38.000000 -1250.000000 0.494000
-38.000000 -1190.000000 0.492000
-38.000000 -1130.000000 0.492200
-38.000000 -1070.000000 0.494500
-38.000000 -1010.000000 0.493200
-38.000000 -950.000000 0.492600
-38.000000 -890.000000 0.493200
-38.000000 -830.000000 0.493400
-38.000000 -770.000000 0.495200
-38.000000 -710.000000 0.494400
-38.000000 -650.000000 0.492300
-38.000000 -590.000000 0.493300
-38.000000 -530.000000 0.491300
-38.000000 -470.000000 0.492000
-38.000000 -410.000000 0.493800
-38.000000 -350.000000 0.492700
-38.000000 -290.000000 0.492900
-38.000000 -230.000000 0.493700
-38.000000 -170.000000 0.493600
-38.000000 -110.000000 0.494300
-38.000000 -50.000000 0.495500
-38.000000 10.000000 0.500199
-38.000000 70.000000 0.506800
-38.000000 130.000000 0.522900
-38.000000 190.000000 0.530500
-38.000000 250.000000 0.542100
-38.000000 310.000000 0.553860
-38.000000 370.000000 0.558900
-38.000000 430.000000 0.574000
-38.000000 490.000000 0.582402
-38.000000 550.000000 0.593200
-38.000000 610.000000 0.605155
-38.000000 670.000000 0.609400
-38.000000 730.000000 0.625496
-38.000000 790.000000 0.633000
-38.000000 850.000000 0.645500
-38.000000 910.000000 0.653190
-38.000000 970.000000 0.664100

-36.000000 -1490.000000 0.492900
-36.000000 -1430.000000 0.491700
-36.000000 -1370.000000 0.493600
-36.000000 -1310.000000 0.494600
-36.000000 -1250.000000 0.491900
-36.000000 -1190.000000 0.491500
-36.000000 -1130.000000 0.492600
-36.000000 -1070.000000 0.494000
-36.000000 -1010.000000 0.491000
-36.000000 -950.000000 0.492200
-36.000000 -890.000000 0.495600
-36.000000 -830.000000 0.492000
-36.000000 -770.000000 0.493200
-36.000000 -710.000000 0.493200
-36.000000 -650.000000 0.492600
-36.000000 -590.000000 0.493200
-36.000000 -530.000000 0.494500
-36.000000 -470.000000 0.494800
-36.000000 -410.000000 0.494200
-36.000000 -350.000000 0.494100
-36.000000 -290.000000 0.494600
-36.000000 -230.000000 0.494000
-36.000000 -170.000000 0.492000
-36.000000 -110.000000 0.494000
-36.000000 -50.000000 0.492000
-36.000000 10.000000 0.498899
-36.000000 70.000000 0.502785
-36.000000 130.000000 0.517000
-36.000000 190.000000 0.530099
-36.000000 250.000000 0.541680
-36.000000 310.000000 0.550000
-36.000000 370.000000 0.566299
-36.000000 430.000000 0.574705
-36.000000 490.000000 0.587700
-36.000000 550.000000 0.601599
-36.000000 610.000000 0.608804
-36.000000 670.000000 0.616300
-36.000000 730.000000 0.632199
-36.000000 790.000000 0.640487
-36.000000 850.000000 0.657700
-36.000000 910.000000 0.665500
-36.000000 970.000000 0.674188

-34.000000 -1490.000000 0.494200
-34.000000 -1430.000000 0.492000
-34.000000 -1370.000000 0.494400
-34.000000 -1310.000000 0.492500
-34.000000 -1250.000000 0.494800
-34.000000 -1190.000000 0.495400
-34.000000 -1130.000000 0.494700
-34.000000 -1070.000000 0.495600
-34.000000 -1010.000000 0.489900
-34.000000 -950.000000 0.496300
-34.000000 -890.000000 0.493500
-34.000000 -830.000000 0.492300
-34.000000 -770.000000 0.493200
-34.000000 -710.000000 0.493600
-34.000000 -650.000000 0.493700
-34.000000 -590.000000 0.494000
-34.000000 -530.000000 0.494500
-34.000000 -470.000000 0.495700
-34.000000 -410.000000 0.493400
-34.000000 -350.000000 0.494700
-34.000000 -290.000000 0.493200
-34.000000 -230.000000 0.494400
-34.000000 -170.000000 0.493600
-34.000000 -110.000000 0.491700
-34.000000 -50.000000 0.491900
-34.000000 10.000000 0.497999
-34.000000 70.000000 0.511410
-34.000000 130.000000 0.521700
-34.000000 190.000000 0.534500
-34.000000 250.000000 0.551000
-34.000000 310.000000 0.560522
-34.000000 370.000000 0.566302
-34.000000 430.000000 0.579100
-34.000000 490.000000 0.592100
-34.000000 550.000000 0.603770
-34.000000 610.000000 0.611275
-34.000000 670.000000 0.625000
-34.000000 730.000000 0.639100
-34.000000 790.000000 0.649796
-34.000000 850.000000 0.659100
-34.000000 910.000000 0.674300
-34.000000 970.000000 0.689900

-32.000000 -1490.000000 0.493200
-32.000000 -1430.000000 0.492600
-32.000000 -1370.000000 0.493200
-32.000000 -1310.000000 0.492600
-32.000000 -1250.000000 0.493200
-32.000000 -1190.000000 0.492400
-32.000000 -1130.000000 0.495200
-32.000000 -1070.000000 0.493500
-32.000000 -1010.000000 0.493500
-32.000000 -950.000000 0.495100
-32.000000 -890.000000 0.493800
-32.000000 -830.000000 0.493400
-32.000000 -770.000000 0.493400
-32.000000 -710.000000 0.493200
-32.000000 -650.000000 0.494200
-32.000000 -590.000000 0.493300
-32.000000 -530.000000 0.492800
-32.000000 -470.000000 0.491700
-32.000000 -410.000000 0.494000
-32.000000 -350.000000 0.492600
-32.000000 -290.000000 0.493100
-32.000000 -230.000000 0.491900
-32.000000 -170.000000 0.493300
-32.000000 -110.000000 0.492300
-32.000000 -50.000000 0.494600
-32.000000 10.000000 0.501199
-32.000000 70.000000 0.513167
-32.000000 130.000000 0.524700
-32.000000 190.000000 0.535890
-32.000000 250.000000 0.547400
-32.000000 310.000000 0.561100
-32.000000 370.000000 0.570200
-32.000000 430.000000 0.584800
-32.000000 490.000000 0.595899
-32.000000 550.000000 0.612068
-32.000000 610.000000 0.627963
-32.000000 670.000000 0.635499
-32.000000 730.000000 0.644200
-32.000000 790.000000 0.660400
-32.000000 850.000000 0.674500
-32.000000 910.000000 0.683600
-32.000000 970.000000 0.697599

-30.000000 -1490.000000 0.489800
-30.000000 -1430.000000 0.491600
-30.000000 -1370.000000 0.496000
-30.000000 -1310.000000 0.493700
-30.000000 -1250.000000 0.493400
-30.000000 -1190.000000 0.494400
-30.000000 -1130.000000 0.492900
-30.000000 -1070.000000 0.492700
-30.000000 -1010.000000 0.490700
-30.000000 -950.000000 0.494400
-30.000000 -890.000000 0.494000
-30.000000 -830.000000 0.493900
-30.000000 -770.000000 0.494200
-30.000000 -710.000000 0.492900
-30.000000 -650.000000 0.492900
-30.000000 -590.000000 0.492200
-30.000000 -530.000000 0.493700
-30.000000 -470.000000 0.492700
-30.000000 -410.000000 0.491600
-30.000000 -350.000000 0.494800
-30.000000 -290.000000 0.495900
-30.000000 -230.000000 0.490600
-30.000000 -170.000000 0.495300
-30.000000 -110.000000 0.490100
-30.000000 -50.000000 0.493000
-30.000000 10.000000 0.500199
-30.000000 70.000000 0.511099
-30.000000 130.000000 0.529399
-30.000000 190.000000 0.539999
-30.000000 250.000000 0.553099
-30.000000 310.000000 0.565199
-30.000000 370.000000 0.578699
-30.000000 430.000000 0.593099
-30.000000 490.000000 0.605499
-30.000000 550.000000 0.620699
-30.000000 610.000000 0.634100
-30.000000 670.000000 0.648399
-30.000000 730.000000 0.661999
-30.000000 790.000000 0.673700
-30.000000 850.000000 0.687800
-30.000000 910.000000 0.700699
-30.000000 970.000000 0.713999

-28.000000 -1490.000000 0.491600
-28.000000 -1430.000000 0.495600
-28.000000 -1370.000000 0.493600
-28.000000 -1310.000000 0.491200
-28.000000 -1250.000000 0.493300
-28.000000 -1190.000000 0.494900
-28.000000 -1130.000000 0.496100
-28.000000 -1070.000000 0.490100
-28.000000 -1010.000000 0.493700
-28.000000 -950.000000 0.496000
-28.000000 -890.000000 0.493400
-28.000000 -830.000000 0.491900
-28.000000 -770.000000 0.492600
-28.000000 -710.000000 0.493700
-28.000000 -650.000000 0.494700
-28.000000 -590.000000 0.495700
-28.000000 -530.000000 0.495800
-28.000000 -470.000000 0.492900
-28.000000 -410.000000 0.493200
-28.000000 -350.000000 0.493500
-28.000000 -290.000000 0.493500
-28.000000 -230.000000 0.494600
-28.000000 -170.000000 0.496100
-28.000000 -110.000000 0.493700
-28.000000 -50.000000 0.495800
-28.000000 10.000000 0.502399
-28.000000 70.000000 0.517400
-28.000000 130.000000 0.529100
-28.000000 190.000000 0.537400
-28.000000 250.000000 0.552382
-28.000000 310.000000 0.572475
-28.000000 370.000000 0.585067
-28.000000 430.000000 0.597900
-28.000000 490.000000 0.611000
-28.000000 550.000000 0.626400
-28.000000 610.000000 0.638800
-28.000000 670.000000 0.651402
-28.000000 730.000000 0.672408
-28.000000 790.000000 0.687155
-28.000000 850.000000 0.698499
-28.000000 910.000000 0.715100
-28.000000 970.000000 0.725700

-26.000000 -1490.000000 0.491500
-26.000000 -1430.000000 0.495600
-26.000000 -1370.000000 0.495200
-26.000000 -1310.000000 0.492700
-26.000000 -1250.000000 0.497000
-26.000000 -1190.000000 0.494900
-26.000000 -1130.000000 0.493400
-26.000000 -1070.000000 0.493000
-26.000000 -1010.000000 0.494400
-26.000000 -950.000000 0.495000
-26.000000 -890.000000 0.492600
-26.000000 -830.000000 0.491200
-26.000000 -770.000000 0.494800
-26.000000 -710.000000 0.495600
-26.000000 -650.000000 0.493300
-26.000000 -590.000000 0.496100
-26.000000 -530.000000 0.492700
-26.000000 -470.000000 0.492600
-26.000000 -410.000000 0.490700
-26.000000 -350.000000 0.493700
-26.000000 -290.000000 0.492200
-26.000000 -230.000000 0.494100
-26.000000 -170.000000 0.493800
-26.000000 -110.000000 0.495400
-26.000000 -50.000000 0.491900
-26.000000 10.000000 0.500399
-26.000000 70.000000 0.512400
-26.000000 130.000000 0.528725
-26.000000 190.000000 0.548796
-26.000000 250.000000 0.559500
-26.000000 310.000000 0.571898
-26.000000 370.000000 0.593663
-26.000000 430.000000 0.606100
-26.000000 490.000000 0.621902
-26.000000 550.000000 0.640261
-26.000000 610.000000 0.654900
-26.000000 670.000000 0.666900
-26.000000 730.000000 0.683663
-26.000000 790.000000 0.699099
-26.000000 850.000000 0.712300
-26.000000 910.000000 0.730200
-26.000000 970.000000 0.750295

-24.000000 -1490.000000 0.491600
-24.000000 -1430.000000 0.494800
-24.000000 -1370.000000 0.490200
-24.000000 -1310.000000 0.491700
-24.000000 -1250.000000 0.491400
-24.000000 -1190.000000 0.494400
-24.000000 -1130.000000 0.493700
-24.000000 -1070.000000 0.493900
-24.000000 -1010.000000 0.494400
-24.000000 -950.000000 0.493700
-24.000000 -890.000000 0.493600
-24.000000 -830.000000 0.493400
-24.000000 -770.000000 0.495300
-24.000000 -710.000000 0.492700
-24.000000 -650.000000 0.495200
-24.000000 -590.000000 0.491000
-24.000000 -530.000000 0.493800
-24.000000 -470.000000 0.493600
-24.000000 -410.000000 0.493200
-24.000000 -350.000000 0.490200
-24.000000 -290.000000 0.490900
-24.000000 -230.000000 0.494000
-24.000000 -170.000000 0.495100
-24.000000 -110.000000 0.495800
-24.000000 -50.000000 0.492700
-24.000000 10.000000 0.501199
-24.000000 70.000000 0.516597
-24.000000 130.000000 0.533899
-24.000000 190.000000 0.546919
-24.000000 250.000000 0.566499
-24.000000 310.000000 0.578887
-24.000000 370.000000 0.604099
-24.000000 430.000000 0.613795
-24.000000 490.000000 0.628499
-24.000000 550.000000 0.648792
-24.000000 610.000000 0.667599
-24.000000 670.000000 0.678107
-24.000000 730.000000 0.703399
-24.000000 790.000000 0.711477
-24.000000 850.000000 0.731099
-24.000000 910.000000 0.745481
-24.000000 970.000000 0.767799

-22.000000 -1490.000000 0.491400
-22.000000 -1430.000000 0.493500
-22.000000 -1370.000000 0.493900
-22.000000 -1310.000000 0.495400
-22.000000 -1250.000000 0.489800
-22.000000 -1190.000000 0.494300
-22.000000 -1130.000000 0.493400
-22.000000 -1070.000000 0.495400
-22.000000 -1010.000000 0.492300
-22.000000 -950.000000 0.493000
-22.000000 -890.000000 0.493300
-22.000000 -830.000000 0.493800
-22.000000 -770.000000 0.494400
-22.000000 -710.000000 0.491300
-22.000000 -650.000000 0.493100
-22.000000 -590.000000 0.494800
-22.000000 -530.000000 0.492200
-22.000000 -470.000000 0.493600
-22.000000 -410.000000 0.494100
-22.000000 -350.000000 0.490400
-22.000000 -290.000000 0.495400
-22.000000 -230.000000 0.493600
-22.000000 -170.000000 0.492700
-22.000000 -110.000000 0.494400
-22.000000 -50.000000 0.492200
-22.000000 10.000000 0.501499
-22.000000 70.000000 0.521368
-22.000000 130.000000 0.531482
-22.000000 190.000000 0.554100
-22.000000 250.000000 0.573396
-22.000000 310.000000 0.592920
-22.000000 370.000000 0.603702
-22.000000 430.000000 0.628400
-22.000000 490.000000 0.647268
-22.000000 550.000000 0.660500
-22.000000 610.000000 0.676400
-22.000000 670.000000 0.704099
-22.000000 730.000000 0.716350
-22.000000 790.000000 0.730304
-22.000000 850.000000 0.753900
-22.000000 910.000000 0.774296
-22.000000 970.000000 0.789275

-20.000000 -1490.000000 0.498200
-20.000000 -1430.000000 0.492900
-20.000000 -1370.000000 0.491400
-20.000000 -1310.000000 0.492300
-20.000000 -1250.000000 0.493500
-20.000000 -1190.000000 0.493800
-20.000000 -1130.000000 0.493300
-20.000000 -1070.000000 0.492900
-20.000000 -1010.000000 0.495700
-20.000000 -950.000000 0.491900
-20.000000 -890.000000 0.492500
-20.000000 -830.000000 0.493000
-20.000000 -770.000000 0.492700
-20.000000 -710.000000 0.492700
-20.000000 -650.000000 0.494600
-20.000000 -590.000000 0.492500
-20.000000 -530.000000 0.492900
-20.000000 -470.000000 0.493700
-20.000000 -410.000000 0.494300
-20.000000 -350.000000 0.495100
-20.000000 -290.000000 0.494300
-20.000000 -230.000000 0.494400
-20.000000 -170.000000 0.491000
-20.000000 -110.000000 0.492300
-20.000000 -50.000000 0.495300
-20.000000 10.000000 0.498499
-20.000000 70.000000 0.519499
-20.000000 130.000000 0.541999
-20.000000 190.000000 0.558199
-20.000000 250.000000 0.576999
-20.000000 310.000000 0.601299
-20.000000 370.000000 0.618799
-20.000000 430.000000 0.641599
-20.000000 490.000000 0.662299
-20.000000 550.000000 0.679199
-20.000000 610.000000 0.700499
-20.000000 670.000000 0.723399
-20.000000 730.000000 0.738299
-20.000000 790.000000 0.759099
-20.000000 850.000000 0.780499
-20.000000 910.000000 0.803099
-20.000000 970.000000 0.821899

-18.000000 -1490.000000 0.493400
-18.000000 -1430.000000 0.494800
-18.000000 -1370.000000 0.492400
-18.000000 -1310.000000 0.492700
-18.000000 -1250.000000 0.494400
-18.000000 -1190.000000 0.494500
-18.000000 -1130.000000 0.491900
-18.000000 -1070.000000 0.493000
-18.000000 -1010.000000 0.492400
-18.000000 -950.000000 0.494300
-18.000000 -890.000000 0.494900
-18.000000 -830.000000 0.493100
-18.000000 -770.000000 0.492400
-18.000000 -710.000000 0.495100
-18.000000 -650.000000 0.490800
-18.000000 -590.000000 0.491000
-18.000000 -530.000000 0.493500
-18.000000 -470.000000 0.492200
-18.000000 -410.000000 0.496300
-18.000000 -350.000000 0.495500
-18.000000 -290.000000 0.494600
-18.000000 -230.000000 0.494200
-18.000000 -170.000000 0.495200
-18.000000 -110.000000 0.494400
-18.000000 -50.000000 0.491900
-18.000000 10.000000 0.498599
-18.000000 70.000000 0.522091
-18.000000 130.000000 0.547872
-18.000000 190.000000 0.567100
-18.000000 250.000000 0.584594
-18.000000 310.000000 0.614583
-18.000000 370.000000 0.631799
-18.000000 430.000000 0.651901
-18.000000 490.000000 0.679833
-18.000000 550.000000 0.699399
-18.000000 610.000000 0.720890
-18.000000 670.000000 0.748197
-18.000000 730.000000 0.766400
-18.000000 790.000000 0.784991
-18.000000 850.000000 0.809568
-18.000000 910.000000 0.832899
-18.000000 970.000000 0.853698

-16.000000 -1490.000000 0.495900
-16.000000 -1430.000000 0.496300
-16.000000 -1370.000000 0.493900
-16.000000 -1310.000000 0.493800
-16.000000 -1250.000000 0.491100
-16.000000 -1190.000000 0.493700
-16.000000 -1130.000000 0.491200
-16.000000 -1070.000000 0.493200
-16.000000 -1010.000000 0.490500
-16.000000 -950.000000 0.491900
-16.000000 -890.000000 0.491900
-16.000000 -830.000000 0.494500
-16.000000 -770.000000 0.493500
-16.000000 -710.000000 0.489000
-16.000000 -650.000000 0.492200
-16.000000 -590.000000 0.492700
-16.000000 -530.000000 0.494500
-16.000000 -470.000000 0.494700
-16.000000 -410.000000 0.492400
-16.000000 -350.000000 0.492700
-16.000000 -290.000000 0.495600
-16.000000 -230.000000 0.496500
-16.000000 -170.000000 0.489200
-16.000000 -110.000000 0.496100
-16.000000 -50.000000 0.493600
-16.000000 10.000000 0.498999
-16.000000 70.000000 0.526771
-16.000000 130.000000 0.550767
-16.000000 190.000000 0.568905
-16.000000 250.000000 0.598899
-16.000000 310.000000 0.625473
-16.000000 370.000000 0.653675
-16.000000 430.000000 0.674315
-16.000000 490.000000 0.698500
-16.000000 550.000000 0.731363
-16.000000 610.000000 0.750588
-16.000000 670.000000 0.775088
-16.000000 730.000000 0.797100
-16.000000 790.000000 0.828063
-16.000000 850.000000 0.853810
-16.000000 910.000000 0.870904
-16.000000 970.000000 0.901199

-14.000000 -1490.000000 0.494900
-14.000000 -1430.000000 0.495900
-14.000000 -1370.000000 0.492400
-14.000000 -1310.000000 0.495300
-14.000000 -1250.000000 0.492000
-14.000000 -1190.000000 0.492300
-14.000000 -1130.000000 0.491700
-14.000000 -1070.000000 0.490500
-14.000000 -1010.000000 0.495300
-14.000000 -950.000000 0.493700
-14.000000 -890.000000 0.493000
-14.000000 -830.000000 0.493000
-14.000000 -770.000000 0.493800
-14.000000 -710.000000 0.491500
-14.000000 -650.000000 0.495000
-14.000000 -590.000000 0.495800
-14.000000 -530.000000 0.492300
-14.000000 -470.000000 0.494000
-14.000000 -410.000000 0.491100
-14.000000 -350.000000 0.496500
-14.000000 -290.000000 0.492700
-14.000000 -230.000000 0.495500
-14.000000 -170.000000 0.491300
-14.000000 -110.000000 0.493200
-14.000000 -50.000000 0.494000
-14.000000 10.000000 0.498301
-14.000000 70.000000 0.529450
-14.000000 130.000000 0.557547
-14.000000 190.000000 0.583296
-14.000000 250.000000 0.612284
-14.000000 310.000000 0.646188
-14.000000 370.000000 0.671861
-14.000000 430.000000 0.700501
-14.000000 490.000000 0.730700
-14.000000 550.000000 0.762000
-14.000000 610.000000 0.788796
-14.000000 670.000000 0.813391
-14.000000 730.000000 0.846746
-14.000000 790.000000 0.870969
-14.000000 850.000000 0.897502
-14.000000 910.000000 0.923875
-14.000000 970.000000 0.957550

-12.000000 -1490.000000 0.493000
-12.000000 -1430.000000 0.492700
-12.000000 -1370.000000 0.492600
-12.000000 -1310.000000 0.496700
-12.000000 -1250.000000 0.494100
-12.000000 -1190.000000 0.495500
-12.000000 -1130.000000 0.492700
-12.000000 -1070.000000 0.491900
-12.000000 -1010.000000 0.494100
-12.000000 -950.000000 0.491500
-12.000000 -890.000000 0.495200
-12.000000 -830.000000 0.493600
-12.000000 -770.000000 0.492500
-12.000000 -710.000000 0.493400
-12.000000 -650.000000 0.494200
-12.000000 -590.000000 0.493700
-12.000000 -530.000000 0.491300
-12.000000 -470.000000 0.495000
-12.000000 -410.000000 0.490100
-12.000000 -350.000000 0.491100
-12.000000 -290.000000 0.493600
-12.000000 -230.000000 0.494700
-12.000000 -170.000000 0.496200
-12.000000 -110.000000 0.491400
-12.000000 -50.000000 0.492800
-12.000000 10.000000 0.498793
-12.000000 70.000000 0.534090
-12.000000 130.000000 0.566283
-12.000000 190.000000 0.604582
-12.000000 250.000000 0.633182
-12.000000 310.000000 0.665002
-12.000000 370.000000 0.702306
-12.000000 430.000000 0.731112
-12.000000 490.000000 0.766409
-12.000000 550.000000 0.799202
-12.000000 610.000000 0.832997
-12.000000 670.000000 0.865092
-12.000000 730.000000 0.900972
-12.000000 790.000000 0.932916
-12.000000 850.000000 0.966303
-12.000000 910.000000 0.998295
-12.000000 970.000000 0.964720

-10.000000 -1490.000000 0.491500
-10.000000 -1430.000000 0.492200
-10.000000 -1370.000000 0.492300
-10.000000 -1310.000000 0.492600
-10.000000 -1250.000000 0.492200
-10.000000 -1190.000000 0.493500
-10.000000 -1130.000000 0.493200
-10.000000 -1070.000000 0.491800
-10.000000 -1010.000000 0.492100
-10.000000 -950.000000 0.493200
-10.000000 -890.000000 0.494100
-10.000000 -830.000000 0.490600
-10.000000 -770.000000 0.488800
-10.000000 -710.000000 0.490700
-10.000000 -650.000000 0.494800
-10.000000 -590.000000 0.495700
-10.000000 -530.000000 0.494300
-10.000000 -470.000000 0.492700
-10.000000 -410.000000 0.492400
-10.000000 -350.000000 0.491700
-10.000000 -290.000000 0.493600
-10.000000 -230.000000 0.490500
-10.000000 -170.000000 0.493200
-10.000000 -110.000000 0.494400
-10.000000 -50.000000 0.494500
-10.000000 10.000000 0.502824
-10.000000 70.000000 0.542099
-10.000000 130.000000 0.580224
-10.000000 190.000000 0.622299
-10.000000 250.000000 0.658849
-10.000000 310.000000 0.700799
-10.000000 370.000000 0.739424
-10.000000 430.000000 0.779749
-10.000000 490.000000 0.820249
-10.000000 550.000000 0.859649
-10.000000 610.000000 0.902224
-10.000000 670.000000 0.940375
-10.000000 730.000000 0.981924
-10.000000 790.000000 0.976724
-10.000000 850.000000 0.936874
-10.000000 910.000000 0.893874
-10.000000 970.000000 0.856924

-8.000000 -1490.000000 0.493600
-8.000000 -1430.000000 0.491900
-8.000000 -1370.000000 0.493500
-8.000000 -1310.000000 0.489900
-8.000000 -1250.000000 0.494600
-8.000000 -1190.000000 0.493400
-8.000000 -1130.000000 0.493400
-8.000000 -1070.000000 0.493100
-8.000000 -1010.000000 0.493300
-8.000000 -950.000000 0.493300
-8.000000 -890.000000 0.496100
-8.000000 -830.000000 0.492500
-8.000000 -770.000000 0.493700
-8.000000 -710.000000 0.492200
-8.000000 -650.000000 0.490000
-8.000000 -590.000000 0.492600
-8.000000 -530.000000 0.492200
-8.000000 -470.000000 0.492500
-8.000000 -410.000000 0.495800
-8.000000 -350.000000 0.490400
-8.000000 -290.000000 0.493200
-8.000000 -230.000000 0.494500
-8.000000 -170.000000 0.493300
-8.000000 -110.000000 0.490200
-8.000000 -50.000000 0.493700
-8.000000 10.000000 0.502609
-8.000000 70.000000 0.552360
-8.000000 130.000000 0.608020
-8.000000 190.000000 0.651877
-8.000000 250.000000 0.706506
-8.000000 310.000000 0.752752
-8.000000 370.000000 0.803068
-8.000000 430.000000 0.852069
-8.000000 490.000000 0.906309
-8.000000 550.000000 0.954053
-8.000000 610.000000 0.993165
-8.000000 670.000000 0.944765
-8.000000 730.000000 0.895969
-8.000000 790.000000 0.844278
-8.000000 850.000000 0.792472
-8.000000 910.000000 0.747873
-8.000000 970.000000 0.691952

-6.000000 -1490.000000 0.492500
-6.000000 -1430.000000 0.493400
-6.000000 -1370.000000 0.493100
-6.000000 -1310.000000 0.493300
-6.000000 -1250.000000 0.494100
-6.000000 -1190.000000 0.492800
-6.000000 -1130.000000 0.492600
-6.000000 -1070.000000 0.492400
-6.000000 -1010.000000 0.494500
-6.000000 -950.000000 0.493700
-6.000000 -890.000000 0.493300
-6.000000 -830.000000 0.493500
-6.000000 -770.000000 0.493400
-6.000000 -710.000000 0.492900
-6.000000 -650.000000 0.493500
-6.000000 -590.000000 0.491000
-6.000000 -530.000000 0.494900
-6.000000 -470.000000 0.492100
-6.000000 -410.000000 0.493000
-6.000000 -350.000000 0.492100
-6.000000 -290.000000 0.495400
-6.000000 -230.000000 0.495400
-6.000000 -170.000000 0.495700
-6.000000 -110.000000 0.493600
-6.000000 -50.000000 0.494400
-6.000000 10.000000 0.505514
-6.000000 70.000000 0.573216
-6.000000 130.000000 0.640855
-6.000000 190.000000 0.705762
-6.000000 250.000000 0.775134
-6.000000 310.000000 0.841959
-6.000000 370.000000 0.904922
-6.000000 430.000000 0.973687
-6.000000 490.000000 0.958572
-6.000000 550.000000 0.892916
-6.000000 610.000000 0.822664
-6.000000 670.000000 0.758152
-6.000000 730.000000 0.692774
-6.000000 790.000000 0.626230
-6.000000 850.000000 0.556274
-6.000000 910.000000 0.505300
-6.000000 970.000000 0.507600

-4.000000 -1490.000000 0.493300
-4.000000 -1430.000000 0.491900
-4.000000 -1370.000000 0.493200
-4.000000 -1310.000000 0.492100
-4.000000 -1250.000000 0.491800
-4.000000 -1190.000000 0.495700
-4.000000 -1130.000000 0.494500
-4.000000 -1070.000000 0.493500
-4.000000 -1010.000000 0.492000
-4.000000 -950.000000 0.493300
-4.000000 -890.000000 0.492200
-4.000000 -830.000000 0.491200
-4.000000 -770.000000 0.493300
-4.000000 -710.000000 0.492100
-4.000000 -650.000000 0.494400
-4.000000 -590.000000 0.495300
-4.000000 -530.000000 0.493300
-4.000000 -470.000000 0.491000
-4.000000 -410.000000 0.493100
-4.000000 -350.000000 0.492900
-4.000000 -290.000000 0.493300
-4.000000 -230.000000 0.494000
-4.000000 -170.000000 0.494900
-4.000000 -110.000000 0.494100
-4.000000 -50.000000 0.494600
-4.000000 10.000000 0.509662
-4.000000 70.000000 0.614610
-4.000000 130.000000 0.712554
-4.000000 190.000000 0.809537
-4.000000 250.000000 0.913801
-4.000000 310.000000 0.986295
-4.000000 370.000000 0.887013
-4.000000 430.000000 0.785882
-4.000000 490.000000 0.685038
-4.000000 550.000000 0.584833
-4.000000 610.000000 0.507900
-4.000000 670.000000 0.507500
-4.000000 730.000000 0.506400
-4.000000 790.000000 0.507200
-4.000000 850.000000 0.505800
-4.000000 910.000000 0.506100
-4.000000 970.000000 0.507100

-2.000000 -1490.000000 0.492100
-2.000000 -1430.000000 0.492000
-2.000000 -1370.000000 0.493800
-2.000000 -1310.000000 0.491300
-2.000000 -1250.000000 0.493300
-2.000000 -1190.000000 0.492100
-2.000000 -1130.000000 0.493400
-2.000000 -1070.000000 0.495100
-2.000000 -1010.000000 0.493800
-2.000000 -950.000000 0.492900
-2.000000 -890.000000 0.491500
-2.000000 -830.000000 0.493400
-2.000000 -770.000000 0.491600
-2.000000 -710.000000 0.493400
-2.000000 -650.000000 0.494200
-2.000000 -590.000000 0.493800
-2.000000 -530.000000 0.494700
-2.000000 -470.000000 0.497700
-2.000000 -410.000000 0.493300
-2.000000 -350.000000 0.489500
-2.000000 -290.000000 0.493700
-2.000000 -230.000000 0.492900
-2.000000 -170.000000 0.495300
-2.000000 -110.000000 0.493900
-2.000000 -50.000000 0.495300
-2.000000 10.000000 0.523570
-2.000000 70.000000 0.726991
-2.000000 130.000000 0.925482
-2.000000 190.000000 0.866308
-2.000000 250.000000 0.666792
-2.000000 310.000000 0.506800
-2.000000 370.000000 0.506600
-2.000000 430.000000 0.504300
-2.000000 490.000000 0.504800
-2.000000 550.000000 0.505500
-2.000000 610.000000 0.504800
-2.000000 670.000000 0.508100
-2.000000 730.000000 0.508500
-2.000000 790.000000 0.508200
-2.000000 850.000000 0.505300
-2.000000 910.000000 0.507100
-2.000000 970.000000 0.506900

0.000000 -1490.000000 0.493900
0.000000 -1430.000000 0.493800
0.000000 -1370.000000 0.493600
0.000000 -1310.000000 0.492700
0.000000 -1250.000000 0.494500
0.000000 -1190.000000 0.491900
0.000000 -1130.000000 0.493300
0.000000 -1070.000000 0.494000
0.000000 -1010.000000 0.492500
0.000000 -950.000000 0.491700
0.000000 -890.000000 0.493500
0.000000 -830.000000 0.494200
0.000000 -770.000000 0.491300
0.000000 -710.000000 0.490700
0.000000 -650.000000 0.497400
0.000000 -590.000000 0.493900
0.000000 -530.000000 0.494500
0.000000 -470.000000 0.493700
0.000000 -410.000000 0.496300
0.000000 -350.000000 0.496300
0.000000 -290.000000 0.493200
0.000000 -230.000000 0.494900
0.000000 -170.000000 0.492800
0.000000 -110.000000 0.493500
0.000000 -50.000000 0.492400
0.000000 10.000000 0.506454
0.000000 70.000000 0.505600
0.000000 130.000000 0.507900
0.000000 190.000000 0.507700
0.000000 250.000000 0.508200
0.000000 310.000000 0.508300
0.000000 370.000000 0.506500
0.000000 430.000000 0.509300
0.000000 490.000000 0.506100
0.000000 550.000000 0.508600
0.000000 610.000000 0.510700
0.000000 670.000000 0.504200
0.000000 730.000000 0.507200
0.000000 790.000000 0.504000
0.000000 850.000000 0.507600
0.000000 910.000000 0.506300
0.000000 970.000000 0.506900

2.000000 -1490.000000 0.495900
2.000000 -1430.000000 0.494000
2.000000 -1370.000000 0.490400
2.000000 -1310.000000 0.494700
2.000000 -1250.000000 0.494900
2.000000 -1190.000000 0.493500
2.000000 -1130.000000 0.495500
2.000000 -1070.000000 0.492500
2.000000 -1010.000000 0.492800
2.000000 -950.000000 0.492700
2.000000 -890.000000 0.493300
2.000000 -830.000000 0.495500
2.000000 -770.000000 0.496700
2.000000 -710.000000 0.495300
2.000000 -650.000000 0.493200
2.000000 -590.000000 0.492700
2.000000 -530.000000 0.489900
2.000000 -470.000000 0.493700
2.000000 -410.000000 0.496000
2.000000 -350.000000 0.492600
2.000000 -290.000000 0.460925
2.000000 -230.000000 0.261562
2.000000 -170.000000 0.061738
2.000000 -110.000000 0.130339
2.000000 -50.000000 0.329822
2.000000 10.000000 0.505099
2.000000 70.000000 0.508300
2.000000 130.000000 0.507000
2.000000 190.000000 0.507100
2.000000 250.000000 0.507400
2.000000 310.000000 0.508900
2.000000 370.000000 0.506100
2.000000 430.000000 0.504000
2.000000 490.000000 0.506600
2.000000 550.000000 0.505500
2.000000 610.000000 0.507200
2.000000 670.000000 0.508300
2.000000 730.000000 0.505300
2.000000 790.000000 0.506500
2.000000 850.000000 0.509000
2.000000 910.000000 0.504900
2.000000 970.000000 0.506400

4.000000 -1490.000000 0.492900
4.000000 -1430.000000 0.493800
4.000000 -1370.000000 0.492400
4.000000 -1310.000000 0.490400
4.000000 -1250.000000 0.493500
4.000000 -1190.000000 0.493500
4.000000 -1130.000000 0.492300
4.000000 -1070.000000 0.495800
4.000000 -1010.000000 0.494800
4.000000 -950.000000 0.492900
4.000000 -890.000000 0.492900
4.000000 -830.000000 0.494900
4.000000 -770.000000 0.494700
4.000000 -710.000000 0.494700
4.000000 -650.000000 0.490500
4.000000 -590.000000 0.479891
4.000000 -530.000000 0.379324
4.000000 -470.000000 0.278814
4.000000 -410.000000 0.177927
4.000000 -350.000000 0.076020
4.000000 -290.000000 0.017859
4.000000 -230.000000 0.118561
4.000000 -170.000000 0.219243
4.000000 -110.000000 0.322585
4.000000 -50.000000 0.417772
4.000000 10.000000 0.505299
4.000000 70.000000 0.506200
4.000000 130.000000 0.503900
4.000000 190.000000 0.505400
4.000000 250.000000 0.506300
4.000000 310.000000 0.505500
4.000000 370.000000 0.505100
4.000000 430.000000 0.507300
4.000000 490.000000 0.506000
4.000000 550.000000 0.508300
4.000000 610.000000 0.505900
4.000000 670.000000 0.509500
4.000000 730.000000 0.508200
4.000000 790.000000 0.503600
4.000000 850.000000 0.510000
4.000000 910.000000 0.507100
4.000000 970.000000 0.506800

6.000000 -1490.000000 0.490200
6.000000 -1430.000000 0.493100
6.000000 -1370.000000 0.491100
6.000000 -1310.000000 0.494300
6.000000 -1250.000000 0.493500
6.000000 -1190.000000 0.495100
6.000000 -1130.000000 0.496300
6.000000 -1070.000000 0.492400
6.000000 -1010.000000 0.493900
6.000000 -950.000000 0.493000
6.000000 -890.000000 0.485597
6.000000 -830.000000 0.414540
6.000000 -770.000000 0.353563
6.000000 -710.000000 0.284641
6.000000 -650.000000 0.222049
6.000000 -590.000000 0.147720
6.000000 -530.000000 0.087795
6.000000 -470.000000 0.019616
6.000000 -410.000000 0.045522
6.000000 -350.000000 0.112663
6.000000 -290.000000 0.181726
6.000000 -230.000000 0.245366
6.000000 -170.000000 0.313111
6.000000 -110.000000 0.379583
6.000000 -50.000000 0.446468
6.000000 10.000000 0.506099
6.000000 70.000000 0.508200
6.000000 130.000000 0.506300
6.000000 190.000000 0.507400
6.000000 250.000000 0.508300
6.000000 310.000000 0.507800
6.000000 370.000000 0.506000
6.000000 430.000000 0.509300
6.000000 490.000000 0.507300
6.000000 550.000000 0.507100
6.000000 610.000000 0.507800
6.000000 670.000000 0.510100
6.000000 730.000000 0.505500
6.000000 790.000000 0.504400
6.000000 850.000000 0.506500
6.000000 910.000000 0.507300
6.000000 970.000000 0.505400

8.000000 -1490.000000 0.493900
8.000000 -1430.000000 0.491700
8.000000 -1370.000000 0.493100
8.000000 -1310.000000 0.493100
8.000000 -1250.000000 0.491200
8.000000 -1190.000000 0.486877
8.000000 -1130.000000 0.436210
8.000000 -1070.000000 0.385680
8.000000 -1010.000000 0.336065
8.000000 -950.000000 0.288486
8.000000 -890.000000 0.240275
8.000000 -830.000000 0.184872
8.000000 -770.000000 0.137273
8.000000 -710.000000 0.089958
8.000000 -650.000000 0.040473
8.000000 -590.000000 0.011187
8.000000 -530.000000 0.059457
8.000000 -470.000000 0.108654
8.000000 -410.000000 0.160953
8.000000 -350.000000 0.212961
8.000000 -290.000000 0.261266
8.000000 -230.000000 0.317052
8.000000 -170.000000 0.358767
8.000000 -110.000000 0.413275
8.000000 -50.000000 0.457669
8.000000 10.000000 0.505299
8.000000 70.000000 0.506200
8.000000 130.000000 0.510100
8.000000 190.000000 0.507400
8.000000 250.000000 0.506800
8.000000 310.000000 0.506100
8.000000 370.000000 0.509000
8.000000 430.000000 0.505700
8.000000 490.000000 0.507300
8.000000 550.000000 0.509000
8.000000 610.000000 0.506100
8.000000 670.000000 0.506600
8.000000 730.000000 0.508200
8.000000 790.000000 0.506900
8.000000 850.000000 0.507200
8.000000 910.000000 0.508000
8.000000 970.000000 0.505700

10.000000 -1490.000000 0.486399
10.000000 -1430.000000 0.448499
10.000000 -1370.000000 0.410574
10.000000 -1310.000000 0.367999
10.000000 -1250.000000 0.326824
10.000000 -1190.000000 0.287674
10.000000 -1130.000000 0.249549
10.000000 -1070.000000 0.205649
10.000000 -1010.000000 0.167324
10.000000 -950.000000 0.127424
10.000000 -890.000000 0.087500
10.000000 -830.000000 0.047849
10.000000 -770.000000 0.008024
10.000000 -710.000000 0.026924
10.000000 -650.000000 0.066324
10.000000 -590.000000 0.105124
10.000000 -530.000000 0.146299
10.000000 -470.000000 0.188249
10.000000 -410.000000 0.229599
10.000000 -350.000000 0.268899
10.000000 -290.000000 0.308100
10.000000 -230.000000 0.349424
10.000000 -170.000000 0.388224
10.000000 -110.000000 0.430374
10.000000 -50.000000 0.464250
10.000000 10.000000 0.507799
10.000000 70.000000 0.506100
10.000000 130.000000 0.507200
10.000000 190.000000 0.507000
10.000000 250.000000 0.506800
10.000000 310.000000 0.508200
10.000000 370.000000 0.505800
10.000000 430.000000 0.506700
10.000000 490.000000 0.504900
10.000000 550.000000 0.505800
10.000000 610.000000 0.507300
10.000000 670.000000 0.508400
10.000000 730.000000 0.505900
10.000000 790.000000 0.507700
10.000000 850.000000 0.508100
10.000000 910.000000 0.506700
10.000000 970.000000 0.505100

12.000000 -1490.000000 0.324788
12.000000 -1430.000000 0.297200
12.000000 -1370.000000 0.258374
12.000000 -1310.000000 0.222363
12.000000 -1250.000000 0.193667
12.000000 -1190.000000 0.156843
12.000000 -1130.000000 0.123308
12.000000 -1070.000000 0.090998
12.000000 -1010.000000 0.058120
12.000000 -950.000000 0.024155
12.000000 -890.000000 0.006110
12.000000 -830.000000 0.041197
12.000000 -770.000000 0.069508
12.000000 -710.000000 0.104200
12.000000 -650.000000 0.139892
12.000000 -590.000000 0.173283
12.000000 -530.000000 0.205488
12.000000 -470.000000 0.239500
12.000000 -410.000000 0.272987
12.000000 -350.000000 0.306296
12.000000 -290.000000 0.336207
12.000000 -230.000000 0.371085
12.000000 -170.000000 0.403490
12.000000 -110.000000 0.439778
12.000000 -50.000000 0.473292
12.000000 10.000000 0.508199
12.000000 70.000000 0.506400
12.000000 130.000000 0.505000
12.000000 190.000000 0.505400
12.000000 250.000000 0.503700
12.000000 310.000000 0.506400
12.000000 370.000000 0.506900
12.000000 430.000000 0.505700
12.000000 490.000000 0.504900
12.000000 550.000000 0.505300
12.000000 610.000000 0.506400
12.000000 670.000000 0.508100
12.000000 730.000000 0.506500
12.000000 790.000000 0.507400
12.000000 850.000000 0.506600
12.000000 910.000000 0.507700
12.000000 970.000000 0.505200

14.000000 -1490.000000 0.206469
14.000000 -1430.000000 0.180075
14.000000 -1370.000000 0.151609
14.000000 -1310.000000 0.122896
14.000000 -1250.000000 0.092804
14.000000 -1190.000000 0.059850
14.000000 -1130.000000 0.034601
14.000000 -1070.000000 0.006468
14.000000 -1010.000000 0.018708
14.000000 -950.000000 0.050786
14.000000 -890.000000 0.079266
14.000000 -830.000000 0.103402
14.000000 -770.000000 0.136725
14.000000 -710.000000 0.164536
14.000000 -650.000000 0.194796
14.000000 -590.000000 0.218401
14.000000 -530.000000 0.256506
14.000000 -470.000000 0.278872
14.000000 -410.000000 0.305102
14.000000 -350.000000 0.334450
14.000000 -290.000000 0.363597
14.000000 -230.000000 0.391296
14.000000 -170.000000 0.419695
14.000000 -110.000000 0.452863
14.000000 -50.000000 0.480363
14.000000 10.000000 0.504599
14.000000 70.000000 0.504700
14.000000 130.000000 0.505600
14.000000 190.000000 0.506200
14.000000 250.000000 0.505400
14.000000 310.000000 0.505500
14.000000 370.000000 0.506800
14.000000 430.000000 0.507900
14.000000 490.000000 0.504800
14.000000 550.000000 0.506500
14.000000 610.000000 0.505000
14.000000 670.000000 0.505300
14.000000 730.000000 0.506800
14.000000 790.000000 0.506100
14.000000 850.000000 0.506000
14.000000 910.000000 0.507700
14.000000 970.000000 0.507600

16.000000 -1490.000000 0.119031
16.000000 -1430.000000 0.091769
16.000000 -1370.000000 0.067399
16.000000 -1310.000000 0.040380
16.000000 -1250.000000 0.019086
16.000000 -1190.000000 0.006899
16.000000 -1130.000000 0.028673
16.000000 -1070.000000 0.059941
16.000000 -1010.000000 0.080988
16.000000 -950.000000 0.107400
16.000000 -890.000000 0.136666
16.000000 -830.000000 0.160453
16.000000 -770.000000 0.180791
16.000000 -710.000000 0.206100
16.000000 -650.000000 0.233859
16.000000 -590.000000 0.257341
16.000000 -530.000000 0.279512
16.000000 -470.000000 0.306800
16.000000 -410.000000 0.334562
16.000000 -350.000000 0.356243
16.000000 -290.000000 0.380599
16.000000 -230.000000 0.410199
16.000000 -170.000000 0.433170
16.000000 -110.000000 0.455574
16.000000 -50.000000 0.482880
16.000000 10.000000 0.506999
16.000000 70.000000 0.506200
16.000000 130.000000 0.506300
16.000000 190.000000 0.504800
16.000000 250.000000 0.506200
16.000000 310.000000 0.507700
16.000000 370.000000 0.509700
16.000000 430.000000 0.504900
16.000000 490.000000 0.507500
16.000000 550.000000 0.507500
16.000000 610.000000 0.505700
16.000000 670.000000 0.507200
16.000000 730.000000 0.509900
16.000000 790.000000 0.504700
16.000000 850.000000 0.509000
16.000000 910.000000 0.509100
16.000000 970.000000 0.506500

18.000000 -1490.000000 0.048102
18.000000 -1430.000000 0.026496
18.000000 -1370.000000 0.004888
18.000000 -1310.000000 0.018979
18.000000 -1250.000000 0.039299
18.000000 -1190.000000 0.058290
18.000000 -1130.000000 0.087722
18.000000 -1070.000000 0.109299
18.000000 -1010.000000 0.123099
18.000000 -950.000000 0.150779
18.000000 -890.000000 0.174099
18.000000 -830.000000 0.196299
18.000000 -770.000000 0.218197
18.000000 -710.000000 0.239999
18.000000 -650.000000 0.258590
18.000000 -590.000000 0.287440
18.000000 -530.000000 0.311099
18.000000 -470.000000 0.328494
18.000000 -410.000000 0.355054
18.000000 -350.000000 0.375699
18.000000 -290.000000 0.391784
18.000000 -230.000000 0.416583
18.000000 -170.000000 0.440999
18.000000 -110.000000 0.460590
18.000000 -50.000000 0.483418
18.000000 10.000000 0.503899
18.000000 70.000000 0.505800
18.000000 130.000000 0.509000
18.000000 190.000000 0.503700
18.000000 250.000000 0.507200
18.000000 310.000000 0.507000
18.000000 370.000000 0.506000
18.000000 430.000000 0.508300
18.000000 490.000000 0.507800
18.000000 550.000000 0.502900
18.000000 610.000000 0.505800
18.000000 670.000000 0.505900
18.000000 730.000000 0.505800
18.000000 790.000000 0.508700
18.000000 850.000000 0.504800
18.000000 910.000000 0.506800
18.000000 970.000000 0.506500

20.000000 -1490.000000 0.006499
20.000000 -1430.000000 0.023599
20.000000 -1370.000000 0.043599
20.000000 -1310.000000 0.066999
20.000000 -1250.000000 0.085699
20.000000 -1190.000000 0.106899
20.000000 -1130.000000 0.127499
20.000000 -1070.000000 0.146199
20.000000 -1010.000000 0.164999
20.000000 -950.000000 0.185999
20.000000 -890.000000 0.205199
20.000000 -830.000000 0.228899
20.000000 -770.000000 0.248399
20.000000 -710.000000 0.266899
20.000000 -650.000000 0.285799
20.000000 -590.000000 0.303899
20.000000 -530.000000 0.327999
20.000000 -470.000000 0.346100
20.000000 -410.000000 0.365499
20.000000 -350.000000 0.385399
20.000000 -290.000000 0.404599
20.000000 -230.000000 0.425699
20.000000 -170.000000 0.446799
20.000000 -110.000000 0.464399
20.000000 -50.000000 0.486099
20.000000 10.000000 0.507299
20.000000 70.000000 0.507700
20.000000 130.000000 0.506500
20.000000 190.000000 0.507100
20.000000 250.000000 0.505900
20.000000 310.000000 0.504200
20.000000 370.000000 0.508200
20.000000 430.000000 0.504800
20.000000 490.000000 0.508500
20.000000 550.000000 0.506400
20.000000 610.000000 0.507500
20.000000 670.000000 0.507000
20.000000 730.000000 0.508300
20.000000 790.000000 0.507900
20.000000 850.000000 0.510000
20.000000 910.000000 0.505100
20.000000 970.000000 0.505800

22.000000 -1490.000000 0.053565
22.000000 -1430.000000 0.067700
22.000000 -1370.000000 0.084600
22.000000 -1310.000000 0.110299
22.000000 -1250.000000 0.126472
22.000000 -1190.000000 0.140685
22.000000 -1130.000000 0.155400
22.000000 -1070.000000 0.180796
22.000000 -1010.000000 0.197319
22.000000 -950.000000 0.216802
22.000000 -890.000000 0.235000
22.000000 -830.000000 0.251267
22.000000 -770.000000 0.271350
22.000000 -710.000000 0.283000
22.000000 -650.000000 0.305799
22.000000 -590.000000 0.329136
22.000000 -530.000000 0.340994
22.000000 -470.000000 0.358300
22.000000 -410.000000 0.382796
22.000000 -350.000000 0.398443
22.000000 -290.000000 0.416602
22.000000 -230.000000 0.431500
22.000000 -170.000000 0.456260
22.000000 -110.000000 0.464950
22.000000 -50.000000 0.486500
22.000000 10.000000 0.510599
22.000000 70.000000 0.508600
22.000000 130.000000 0.507900
22.000000 190.000000 0.507600
22.000000 250.000000 0.506500
22.000000 310.000000 0.505000
22.000000 370.000000 0.508500
22.000000 430.000000 0.506600
22.000000 490.000000 0.508500
22.000000 550.000000 0.506400
22.000000 610.000000 0.509400
22.000000 670.000000 0.506000
22.000000 730.000000 0.505700
22.000000 790.000000 0.507800
22.000000 850.000000 0.506800
22.000000 910.000000 0.508100
22.000000 970.000000 0.506500

24.000000 -1490.000000 0.084308
24.000000 -1430.000000 0.103099
24.000000 -1370.000000 0.120294
24.000000 -1310.000000 0.138999
24.000000 -1250.000000 0.154971
24.000000 -1190.000000 0.169199
24.000000 -1130.000000 0.184687
24.000000 -1070.000000 0.207599
24.000000 -1010.000000 0.217394
24.000000 -950.000000 0.239199
24.000000 -890.000000 0.259671
24.000000 -830.000000 0.273399
24.000000 -770.000000 0.287687
24.000000 -710.000000 0.307099
24.000000 -650.000000 0.320588
24.000000 -590.000000 0.338899
24.000000 -530.000000 0.352084
24.000000 -470.000000 0.373499
24.000000 -410.000000 0.389411
24.000000 -350.000000 0.407099
24.000000 -290.000000 0.419102
24.000000 -230.000000 0.440300
24.000000 -170.000000 0.451391
24.000000 -110.000000 0.471699
24.000000 -50.000000 0.487498
24.000000 10.000000 0.506099
24.000000 70.000000 0.509000
24.000000 130.000000 0.507100
24.000000 190.000000 0.507900
24.000000 250.000000 0.505600
24.000000 310.000000 0.506600
24.000000 370.000000 0.503700
24.000000 430.000000 0.509500
24.000000 490.000000 0.508800
24.000000 550.000000 0.506400
24.000000 610.000000 0.507200
24.000000 670.000000 0.504600
24.000000 730.000000 0.507200
24.000000 790.000000 0.510200
24.000000 850.000000 0.506300
24.000000 910.000000 0.508800
24.000000 970.000000 0.503900

26.000000 -1490.000000 0.120800
26.000000 -1430.000000 0.135675
26.000000 -1370.000000 0.149695
26.000000 -1310.000000 0.165900
26.000000 -1250.000000 0.180226
26.000000 -1190.000000 0.200468
26.000000 -1130.000000 0.213700
26.000000 -1070.000000 0.224002
26.000000 -1010.000000 0.246654
26.000000 -950.000000 0.258000
26.000000 -890.000000 0.274400
26.000000 -830.000000 0.291365
26.000000 -770.000000 0.305099
26.000000 -710.000000 0.317000
26.000000 -650.000000 0.333925
26.000000 -590.000000 0.352295
26.000000 -530.000000 0.365400
26.000000 -470.000000 0.378901
26.000000 -410.000000 0.399762
26.000000 -350.000000 0.410700
26.000000 -290.000000 0.424402
26.000000 -230.000000 0.444029
26.000000 -170.000000 0.458000
26.000000 -110.000000 0.473600
26.000000 -50.000000 0.491020
26.000000 10.000000 0.505300
26.000000 70.000000 0.507900
26.000000 130.000000 0.508700
26.000000 190.000000 0.508000
26.000000 250.000000 0.506400
26.000000 310.000000 0.507600
26.000000 370.000000 0.507800
26.000000 430.000000 0.503800
26.000000 490.000000 0.507000
26.000000 550.000000 0.507000
26.000000 610.000000 0.507900
26.000000 670.000000 0.511200
26.000000 730.000000 0.507300
26.000000 790.000000 0.506100
26.000000 850.000000 0.506200
26.000000 910.000000 0.507600
26.000000 970.000000 0.505900

28.000000 -1490.000000 0.148300
28.000000 -1430.000000 0.158981
28.000000 -1370.000000 0.178589
28.000000 -1310.000000 0.193073
28.000000 -1250.000000 0.207999
28.000000 -1190.000000 0.218900
28.000000 -1130.000000 0.235000
28.000000 -1070.000000 0.249700
28.000000 -1010.000000 0.260681
28.000000 -950.000000 0.278432
28.000000 -890.000000 0.293364
28.000000 -830.000000 0.304200
28.000000 -770.000000 0.320300
28.000000 -710.000000 0.331200
28.000000 -650.000000 0.349200
28.000000 -590.000000 0.360088
28.000000 -530.000000 0.380698
28.000000 -470.000000 0.395266
28.000000 -410.000000 0.406699
28.000000 -350.000000 0.422200
28.000000 -290.000000 0.430400
28.000000 -230.000000 0.448100
28.000000 -170.000000 0.465084
28.000000 -110.000000 0.479943
28.000000 -50.000000 0.494666
28.000000 10.000000 0.504499
28.000000 70.000000 0.504900
28.000000 130.000000 0.507200
28.000000 190.000000 0.504200
28.000000 250.000000 0.508800
28.000000 310.000000 0.507400
28.000000 370.000000 0.504900
28.000000 430.000000 0.506300
28.000000 490.000000 0.507200
28.000000 550.000000 0.505900
28.000000 610.000000 0.508800
28.000000 670.000000 0.505600
28.000000 730.000000 0.505500
28.000000 790.000000 0.506600
28.000000 850.000000 0.505400
28.000000 910.000000 0.505700
28.000000 970.000000 0.505200

30.000000 -1490.000000 0.174199
30.000000 -1430.000000 0.189399
30.000000 -1370.000000 0.197199
30.000000 -1310.000000 0.208599
30.000000 -1250.000000 0.227499
30.000000 -1190.000000 0.240499
30.000000 -1130.000000 0.254499
30.000000 -1070.000000 0.267399
30.000000 -1010.000000 0.274599
30.000000 -950.000000 0.293499
30.000000 -890.000000 0.304399
30.000000 -830.000000 0.321099
30.000000 -770.000000 0.331899
30.000000 -710.000000 0.348199
30.000000 -650.000000 0.360899
30.000000 -590.000000 0.371899
30.000000 -530.000000 0.387899
30.000000 -470.000000 0.399599
30.000000 -410.000000 0.412299
30.000000 -350.000000 0.425999
30.000000 -290.000000 0.438999
30.000000 -230.000000 0.452000
30.000000 -170.000000 0.467099
30.000000 -110.000000 0.478499
30.000000 -50.000000 0.493799
30.000000 10.000000 0.507599
30.000000 70.000000 0.506600
30.000000 130.000000 0.507500
30.000000 190.000000 0.508700
30.000000 250.000000 0.506100
30.000000 310.000000 0.508700
30.000000 370.000000 0.505300
30.000000 430.000000 0.505300
30.000000 490.000000 0.509000
30.000000 550.000000 0.505900
30.000000 610.000000 0.506800
30.000000 670.000000 0.505300
30.000000 730.000000 0.504400
30.000000 790.000000 0.506400
30.000000 850.000000 0.504600
30.000000 910.000000 0.505000
30.000000 970.000000 0.506000

32.000000 -1490.000000 0.193600
32.000000 -1430.000000 0.206099
32.000000 -1370.000000 0.216066
32.000000 -1310.000000 0.234531
32.000000 -1250.000000 0.234794
32.000000 -1190.000000 0.252800
32.000000 -1130.000000 0.267400
32.000000 -1070.000000 0.280100
32.000000 -1010.000000 0.293500
32.000000 -950.000000 0.308799
32.000000 -890.000000 0.321165
32.000000 -830.000000 0.328986
32.000000 -770.000000 0.342711
32.000000 -710.000000 0.352500
32.000000 -650.000000 0.366400
32.000000 -590.000000 0.377800
32.000000 -530.000000 0.390900
32.000000 -470.000000 0.408099
32.000000 -410.000000 0.420667
32.000000 -350.000000 0.430646
32.000000 -290.000000 0.438318
32.000000 -230.000000 0.453600
32.000000 -170.000000 0.466600
32.000000 -110.000000 0.479900
32.000000 -50.000000 0.490300
32.000000 10.000000 0.505399
32.000000 70.000000 0.507300
32.000000 130.000000 0.506900
32.000000 190.000000 0.506700
32.000000 250.000000 0.504500
32.000000 310.000000 0.509800
32.000000 370.000000 0.504900
32.000000 430.000000 0.506800
32.000000 490.000000 0.506300
32.000000 550.000000 0.505300
32.000000 610.000000 0.507700
32.000000 670.000000 0.506700
32.000000 730.000000 0.503700
32.000000 790.000000 0.504700
32.000000 850.000000 0.506400
32.000000 910.000000 0.503900
32.000000 970.000000 0.506600

34.000000 -1490.000000 0.214566
34.000000 -1430.000000 0.222907
34.000000 -1370.000000 0.235000
34.000000 -1310.000000 0.245200
34.000000 -1250.000000 0.259796
34.000000 -1190.000000 0.264200
34.000000 -1130.000000 0.280800
34.000000 -1070.000000 0.293200
34.000000 -1010.000000 0.307599
34.000000 -950.000000 0.318520
34.000000 -890.000000 0.329400
34.000000 -830.000000 0.342400
34.000000 -770.000000 0.351000
34.000000 -710.000000 0.365750
34.000000 -650.000000 0.372402
34.000000 -590.000000 0.386600
34.000000 -530.000000 0.400000
34.000000 -470.000000 0.408474
34.000000 -410.000000 0.419684
34.000000 -350.000000 0.435700
34.000000 -290.000000 0.448000
34.000000 -230.000000 0.459396
34.000000 -170.000000 0.466150
34.000000 -110.000000 0.481500
34.000000 -50.000000 0.493600
34.000000 10.000000 0.509299
34.000000 70.000000 0.510900
34.000000 130.000000 0.505400
34.000000 190.000000 0.506600
34.000000 250.000000 0.505500
34.000000 310.000000 0.503900
34.000000 370.000000 0.507400
34.000000 430.000000 0.506800
34.000000 490.000000 0.507000
34.000000 550.000000 0.505300
34.000000 610.000000 0.511200
34.000000 670.000000 0.507100
34.000000 730.000000 0.504300
34.000000 790.000000 0.505200
34.000000 850.000000 0.506600
34.000000 910.000000 0.511000
34.000000 970.000000 0.506000

36.000000 -1490.000000 0.228800
36.000000 -1430.000000 0.240299
36.000000 -1370.000000 0.247087
36.000000 -1310.000000 0.259500
36.000000 -1250.000000 0.274499
36.000000 -1190.000000 0.278917
36.000000 -1130.000000 0.293400
36.000000 -1070.000000 0.309299
36.000000 -1010.000000 0.314377
36.000000 -950.000000 0.326300
36.000000 -890.000000 0.337599
36.000000 -830.000000 0.342094
36.000000 -770.000000 0.361000
36.000000 -710.000000 0.373499
36.000000 -650.000000 0.378909
36.000000 -590.000000 0.396300
36.000000 -530.000000 0.409799
36.000000 -470.000000 0.414892
36.000000 -410.000000 0.427500
36.000000 -350.000000 0.438999
36.000000 -290.000000 0.443401
36.000000 -230.000000 0.459600
36.000000 -170.000000 0.472799
36.000000 -110.000000 0.478311
36.000000 -50.000000 0.492700
36.000000 10.000000 0.507599
36.000000 70.000000 0.508000
36.000000 130.000000 0.507900
36.000000 190.000000 0.508100
36.000000 250.000000 0.506000
36.000000 310.000000 0.509000
36.000000 370.000000 0.507700
36.000000 430.000000 0.506600
36.000000 490.000000 0.507900
36.000000 550.000000 0.506300
36.000000 610.000000 0.506600
36.000000 670.000000 0.509500
36.000000 730.000000 0.505600
36.000000 790.000000 0.507500
36.000000 850.000000 0.507200
36.000000 910.000000 0.506000
36.000000 970.000000 0.505900

38.000000 -1490.000000 0.241100
38.000000 -1430.000000 0.253700
38.000000 -1370.000000 0.261784
38.000000 -1310.000000 0.273700
38.000000 -1250.000000 0.288061
38.000000 -1190.000000 0.292200
38.000000 -1130.000000 0.304999
38.000000 -1070.000000 0.311600
38.000000 -1010.000000 0.326900
38.000000 -950.000000 0.334900
38.000000 -890.000000 0.345400
38.000000 -830.000000 0.359466
38.000000 -770.000000 0.366200
38.000000 -710.000000 0.383600
38.000000 -650.000000 0.385602
38.000000 -590.000000 0.399200
38.000000 -530.000000 0.412784
38.000000 -470.000000 0.419200
38.000000 -410.000000 0.430096
38.000000 -350.000000 0.437500
38.000000 -290.000000 0.451600
38.000000 -230.000000 0.459582
38.000000 -170.000000 0.473600
38.000000 -110.000000 0.486993
38.000000 -50.000000 0.492900
38.000000 10.000000 0.507299
38.000000 70.000000 0.506300
38.000000 130.000000 0.509100
38.000000 190.000000 0.507600
38.000000 250.000000 0.504600
38.000000 310.000000 0.503800
38.000000 370.000000 0.507300
38.000000 430.000000 0.509200
38.000000 490.000000 0.507200
38.000000 550.000000 0.508000
38.000000 610.000000 0.506900
38.000000 670.000000 0.504000
38.000000 730.000000 0.505900
38.000000 790.000000 0.505400
38.000000 850.000000 0.506400
38.000000 910.000000 0.507700
38.000000 970.000000 0.508300

40.000000 -1490.000000 0.257000
40.000000 -1430.000000 0.265599
40.000000 -1370.000000 0.271200
40.000000 -1310.000000 0.284399
40.000000 -1250.000000 0.293200
40.000000 -1190.000000 0.305799
40.000000 -1130.000000 0.312200
40.000000 -1070.000000 0.325499
40.000000 -1010.000000 0.328900
40.000000 -950.000000 0.343699
40.000000 -890.000000 0.352500
40.000000 -830.000000 0.367399
40.000000 -770.000000 0.371300
40.000000 -710.000000 0.385199
40.000000 -650.000000 0.392900
40.000000 -590.000000 0.403900
40.000000 -530.000000 0.413000
40.000000 -470.000000 0.428599
40.000000 -410.000000 0.433400
40.000000 -350.000000 0.445699
40.000000 -290.000000 0.455700
40.000000 -230.000000 0.467199
40.000000 -170.000000 0.474500
40.000000 -110.000000 0.488399
40.000000 -50.000000 0.493500
40.000000 10.000000 0.507499
40.000000 70.000000 0.505400
40.000000 130.000000 0.505700
40.000000 190.000000 0.505300
40.000000 250.000000 0.507600
40.000000 310.000000 0.504500
40.000000 370.000000 0.505900
40.000000 430.000000 0.507700
40.000000 490.000000 0.506300
40.000000 550.000000 0.506500
40.000000 610.000000 0.507400
40.000000 670.000000 0.505100
40.000000 730.000000 0.506100
40.000000 790.000000 0.508800
40.000000 850.000000 0.509800
40.000000 910.000000 0.504000
40.000000 970.000000 0.504500

42.000000 -1490.000000 0.269400
42.000000 -1430.000000 0.272299
42.000000 -1370.000000 0.289000
42.000000 -1310.000000 0.289200
42.000000 -1250.000000 0.305999
42.000000 -1190.000000 0.314000
42.000000 -1130.000000 0.325647
42.000000 -1070.000000 0.334600
42.000000 -1010.000000 0.342990
42.000000 -950.000000 0.354400
42.000000 -890.000000 0.360600
42.000000 -830.000000 0.373899
42.000000 -770.000000 0.382300
42.000000 -710.000000 0.390458
42.000000 -650.000000 0.400200
42.000000 -590.000000 0.403225
42.000000 -530.000000 0.420400
42.000000 -470.000000 0.425700
42.000000 -410.000000 0.437099
42.000000 -350.000000 0.444600
42.000000 -290.000000 0.459572
42.000000 -230.000000 0.466500
42.000000 -170.000000 0.475404
42.000000 -110.000000 0.488100
42.000000 -50.000000 0.492800
42.000000 10.000000 0.504599
42.000000 70.000000 0.504300
42.000000 130.000000 0.505600
42.000000 190.000000 0.505700
42.000000 250.000000 0.505400
42.000000 310.000000 0.506000
42.000000 370.000000 0.506900
42.000000 430.000000 0.509000
42.000000 490.000000 0.506000
42.000000 550.000000 0.507300
42.000000 610.000000 0.505100
42.000000 670.000000 0.507700
42.000000 730.000000 0.507800
42.000000 790.000000 0.506600
42.000000 850.000000 0.506000
42.000000 910.000000 0.506600
42.000000 970.000000 0.503700

44.000000 -1490.000000 0.279865
44.000000 -1430.000000 0.285300
44.000000 -1370.000000 0.293900
44.000000 -1310.000000 0.305199
44.000000 -1250.000000 0.311400
44.000000 -1190.000000 0.317701
44.000000 -1130.000000 0.333700
44.000000 -1070.000000 0.342200
44.000000 -1010.000000 0.350232
44.000000 -950.000000 0.359300
44.000000 -890.000000 0.361500
44.000000 -830.000000 0.376571
44.000000 -770.000000 0.385100
44.000000 -710.000000 0.392000
44.000000 -650.000000 0.403899
44.000000 -590.000000 0.413500
44.000000 -530.000000 0.419918
44.000000 -470.000000 0.433200
44.000000 -410.000000 0.441800
44.000000 -350.000000 0.454331
44.000000 -290.000000 0.461700
44.000000 -230.000000 0.464400
44.000000 -170.000000 0.478772
44.000000 -110.000000 0.484500
44.000000 -50.000000 0.490400
44.000000 10.000000 0.505799
44.000000 70.000000 0.504200
44.000000 130.000000 0.508100
44.000000 190.000000 0.505800
44.000000 250.000000 0.507900
44.000000 310.000000 0.505800
44.000000 370.000000 0.507000
44.000000 430.000000 0.506200
44.000000 490.000000 0.506100
44.000000 550.000000 0.504800
44.000000 610.000000 0.506600
44.000000 670.000000 0.506400
44.000000 730.000000 0.511000
44.000000 790.000000 0.505900
44.000000 850.000000 0.506100
44.000000 910.000000 0.507000
44.000000 970.000000 0.505900

46.000000 -1490.000000 0.285300
46.000000 -1430.000000 0.295302
46.000000 -1370.000000 0.306799
46.000000 -1310.000000 0.313600
46.000000 -1250.000000 0.323600
46.000000 -1190.000000 0.330972
46.000000 -1130.000000 0.344900
46.000000 -1070.000000 0.350400
46.000000 -1010.000000 0.360208
46.000000 -950.000000 0.366800
46.000000 -890.000000 0.369900
46.000000 -830.000000 0.377080
46.000000 -770.000000 0.395200
46.000000 -710.000000 0.401100
46.000000 -650.000000 0.408000
46.000000 -590.000000 0.422596
46.000000 -530.000000 0.423800
46.000000 -470.000000 0.432400
46.000000 -410.000000 0.447354
46.000000 -350.000000 0.456400
46.000000 -290.000000 0.459200
46.000000 -230.000000 0.468000
46.000000 -170.000000 0.482200
46.000000 -110.000000 0.488300
46.000000 -50.000000 0.491402
46.000000 10.000000 0.506899
46.000000 70.000000 0.506300
46.000000 130.000000 0.504100
46.000000 190.000000 0.506000
46.000000 250.000000 0.509100
46.000000 310.000000 0.506400
46.000000 370.000000 0.505100
46.000000 430.000000 0.508400
46.000000 490.000000 0.506300
46.000000 550.000000 0.508800
46.000000 610.000000 0.505400
46.000000 670.000000 0.507600
46.000000 730.000000 0.508300
46.000000 790.000000 0.507400
46.000000 850.000000 0.503300
46.000000 910.000000 0.506600
46.000000 970.000000 0.505900

48.000000 -1490.000000 0.291475
48.000000 -1430.000000 0.303900
48.000000 -1370.000000 0.315600
48.000000 -1310.000000 0.318300
48.000000 -1250.000000 0.328608
48.000000 -1190.000000 0.339399
48.000000 -1130.000000 0.350400
48.000000 -1070.000000 0.352800
48.000000 -1010.000000 0.362190
48.000000 -950.000000 0.373399
48.000000 -890.000000 0.377900
48.000000 -830.000000 0.388000
48.000000 -770.000000 0.392872
48.000000 -710.000000 0.410299
48.000000 -650.000000 0.413500
48.000000 -590.000000 0.418600
48.000000 -530.000000 0.428291
48.000000 -470.000000 0.442299
48.000000 -410.000000 0.448000
48.000000 -350.000000 0.455000
48.000000 -290.000000 0.462587
48.000000 -230.000000 0.476199
48.000000 -170.000000 0.479100
48.000000 -110.000000 0.488100
48.000000 -50.000000 0.494407
48.000000 10.000000 0.506599
48.000000 70.000000 0.506500
48.000000 130.000000 0.507700
48.000000 190.000000 0.508900
48.000000 250.000000 0.502400
48.000000 310.000000 0.507000
48.000000 370.000000 0.507700
48.000000 430.000000 0.507300
48.000000 490.000000 0.504900
48.000000 550.000000 0.505400
48.000000 610.000000 0.506300
48.000000 670.000000 0.504600
48.000000 730.000000 0.503000
48.000000 790.000000 0.507400
48.000000 850.000000 0.504600
48.000000 910.000000 0.507300
48.000000 970.000000 0.507600

50.000000 -1490.000000 0.307399
50.000000 -1430.000000 0.318200
50.000000 -1370.000000 0.323700
50.000000 -1310.000000 0.327700
50.000000 -1250.000000 0.333250
50.000000 -1190.000000 0.346499
50.000000 -1130.000000 0.352200
50.000000 -1070.000000 0.357200
50.000000 -1010.000000 0.364700
50.000000 -950.000000 0.376800
50.000000 -890.000000 0.388499
50.000000 -830.000000 0.393300
50.000000 -770.000000 0.399500
50.000000 -710.000000 0.405500
50.000000 -650.000000 0.412575
50.000000 -590.000000 0.425799
50.000000 -530.000000 0.434200
50.000000 -470.000000 0.437300
50.000000 -410.000000 0.446700
50.000000 -350.000000 0.453875
50.000000 -290.000000 0.470399
50.000000 -230.000000 0.472600
50.000000 -170.000000 0.482100
50.000000 -110.000000 0.488300
50.000000 -50.000000 0.495675
50.000000 10.000000 0.506799
50.000000 70.000000 0.507700
50.000000 130.000000 0.506700
50.000000 190.000000 0.506500
50.000000 250.000000 0.506000
50.000000 310.000000 0.508100
50.000000 370.000000 0.505800
50.000000 430.000000 0.505800
50.000000 490.000000 0.504200
50.000000 550.000000 0.505700
50.000000 610.000000 0.506100
50.000000 670.000000 0.505700
50.000000 730.000000 0.507700
50.000000 790.000000 0.506300
50.000000 850.000000 0.507200
50.000000 910.000000 0.504000
50.000000 970.000000 0.503400

